x	y
2.3396 -0.1260
-1.0144 0.0209
0.6766 -1.6591
-0.0096 1.6033
0.1482 1.0566
-2.1310 -1.1242
-1.0149 -2.1636
2.6717 0.3745
-0.6726 2.0193
1.1442 -1.7125
0.5708 0.6406
-1.4082 0.0226
1.4977 -0.0180
-0.9073 0.2850
3.6900 -0.3961
0.9588 1.6592
0.8810 0.0727
2.9254 1.1823
1.2114 -0.5243
-0.6983 -2.4888
-1.0357 -0.5974
-0.6258 -0.8097
-0.3549 1.0974
0.3904 -0.0124
-0.3824 -1.3130
-0.9533 2.2145
0.8441 -1.0229
-1.0841 1.0885
-1.3266 3.4045
-1.9545 0.8985
1.3866 0.2988
1.0779 -0.8479
-2.5220 0.4240
-1.7593 1.2532
0.4938 2.8277
1.7007 -0.3863
-0.0359 2.1298
1.0570 2.0834
-2.2910 -2.9928
2.0233 -0.1906
-4.4719 -3.4657
1.2621 -0.7262
-0.3295 -1.3780
-1.0676 -0.3468
-0.5932 0.0689
-0.5005 0.5341
-0.6986 -0.8212
0.7507 -1.9216
0.9147 0.0574
-0.0955 -1.4903
0.5142 0.8268
2.2975 -2.3959
-0.2475 -1.8470
-0.5909 -3.1875
-1.9924 -1.1664
-0.2905 1.9467
-1.8471 0.9336
-2.0838 -0.0226
-0.6027 -1.1656
-0.2044 -1.4790
1.2526 0.8878
0.4977 0.1241
0.7926 -0.9534
0.9106 1.7971
0.0500 -0.1064
-0.0436 -0.1359
0.0294 0.7384
1.9986 2.0616
2.2244 -0.0139
2.6443 -1.0170
-0.6450 -1.0980
2.5140 2.3820
0.7641 -2.0415
0.5395 0.7085
-0.2053 -0.4596
-0.7356 0.4828
0.2698 1.1766
1.9157 0.3101
-0.5526 0.5955
1.7838 0.0358
-1.9916 -0.8483
-1.7637 -1.5694
-0.2522 -0.7850
1.4871 -2.6904
0.7025 4.6807
3.4103 -0.4137
0.3633 -1.8240
1.6921 0.4064
-2.9525 0.2386
1.0101 0.8603
0.9884 1.6851
-0.1554 2.8243
0.0024 0.4496
0.7822 -2.6003
2.0039 0.3032
1.0352 -2.3091
-0.2963 -0.1174
-1.5563 -0.1714
0.9113 -1.7769
1.3560 2.1054
5.4330 5.3464
4.0856 4.4375
6.0968 6.3999
5.4778 5.1055
6.6812 3.8867
4.5748 5.7635
5.0647 5.3896
4.0975 4.4170
4.9566 6.2343
3.6916 7.3813
7.8524 6.5939
4.1208 4.9503
5.1789 4.6211
5.6036 4.2518
5.3189 3.1708
6.8810 3.3660
3.1338 5.9037
5.9178 2.8217
5.2834 5.8123
5.2587 5.3613
6.1547 4.1917
3.4666 6.6683
4.4785 6.7243
5.6234 5.9819
4.2091 5.8634
5.1530 4.9278
6.1764 3.8538
2.9722 5.3511
5.7291 2.6027
4.6525 4.7690
4.1902 1.3820
5.8471 6.5775
3.6705 5.3545
3.0972 5.7208
6.1241 6.9218
4.9706 5.8569
6.9126 4.8065
6.5462 4.7283
4.7968 6.2434
4.7937 5.2040
4.3572 4.7799
7.0226 5.6754
2.2205 7.3347
6.8480 5.9550
3.0745 1.6429
8.6000 1.3277
7.9608 5.7216
4.9295 5.7613
7.9160 2.3463
3.2124 5.1154
5.1851 5.1481
3.5342 5.3495
2.3000 6.1620
5.5556 5.3437
2.1822 6.1281
4.2769 6.1640
5.6035 6.0333
2.4964 5.9913
6.6111 5.7201
1.9397 3.7583
3.2332 4.2604
6.4466 3.5725
6.6128 3.5457
5.6167 2.8165
4.9689 4.3083
4.2563 6.2301
2.1228 6.7457
7.3638 2.4505
3.2869 2.2371
5.6762 3.3318
4.6624 5.1857
6.8865 5.1899
4.1001 4.3635
3.5297 7.9371
3.8061 3.7885
7.1674 7.6731
5.6952 4.1433
3.8666 3.1608
5.0663 6.1401
7.6796 4.3981
3.3495 2.8176
4.0062 6.8546
8.2013 1.1936
2.8174 5.3717
5.1410 5.7427
8.2330 6.7146
5.5844 6.1106
5.1105 4.7241
2.7135 6.1328
5.2708 7.4273
7.6866 7.7800
2.1933 4.5757
2.9829 5.1191
6.5532 5.7000
4.5067 7.0689
3.5145 4.7690
6.0836 4.1141
6.8818 2.4577
4.0712 7.3165
5.4698 5.9122
10.1686 2.3079
8.7540 0.4128
10.1692 0.2096
11.2069 1.8265
10.8854 -0.0050
8.0965 -0.6693
8.8719 -0.8014
9.5693 -0.1717
10.4509 0.3015
8.2963 0.7409
8.2283 0.4722
10.3061 -1.0492
7.7160 0.5276
10.5754 0.2254
10.8931 0.2011
6.2841 -0.2303
6.4610 0.4172
12.9272 2.1121
10.1552 -0.8647
9.9794 -0.5825
10.2197 0.4781
9.9630 -1.7751
9.7989 -0.2735
9.3299 -0.9970
8.6259 -2.3990
9.9745 1.0941
10.4862 -2.2408
8.7338 -1.0776
7.7011 1.2670
9.5522 0.2180
10.2078 2.1842
9.5265 0.7905
10.7712 1.1351
11.4726 1.7417
10.9138 0.7692
8.2726 1.7892
8.7337 1.0082
8.9356 -1.8864
12.3201 -0.3172
10.1312 -1.0764
9.8127 1.2439
7.8047 -2.0141
10.6875 2.5551
7.8156 -0.9153
6.6763 0.2091
9.8383 0.1408
10.2290 0.5487
10.3889 -0.1382
11.4572 -0.6347
10.9489 0.1580
13.4524 -0.0701
12.3259 -1.1152
8.6493 -0.4527
8.2980 -1.2903
11.3717 1.5045
9.7301 0.7092
9.2058 -3.1555
9.7837 -0.4308
8.7187 -0.1755
8.2929 -0.0979
11.9800 -0.4989
10.6965 0.8465
7.8740 -2.2037
12.0814 1.4381
9.5028 0.1226
7.5787 1.8315
10.3579 0.8273
12.8609 -0.8553
10.2596 0.6726
8.0909 -1.0904
8.0618 -1.3598
11.4109 2.3135
10.0533 0.2412
10.7872 -0.8974
10.4445 0.3324
7.0351 1.5756
10.0893 0.0986
11.1309 1.5483
10.3862 -0.1479
10.0849 -0.6980
8.4834 1.3564
8.1350 -0.1544
11.4552 -1.8518
7.2173 2.0897
10.4678 0.9642
9.4031 -0.2206
9.5336 -1.5181
9.8941 -4.7529
11.4827 1.9991
10.6108 -0.2439
13.5285 0.4214
9.6146 1.1157
8.9748 -1.2317
12.4327 3.1478
12.2528 0.8251
10.1707 0.1082
11.4923 0.5405
11.4041 0.8998
10.3727 1.3285
10.1236 -1.2662
5.2589 -2.6904
3.8389 -6.3594
5.9667 -6.6682
3.0742 -3.0118
5.7641 -3.3495
6.7486 -3.4795
7.3055 -2.8936
5.3263 -8.0745
5.7659 -6.0034
4.7843 -5.5778
8.5312 -4.1174
6.1984 -5.6899
3.4855 -4.9078
3.7352 -5.8920
4.2253 -5.0867
7.1221 -4.4986
4.2562 -5.6437
6.7623 -2.4937
5.9488 -3.9901
5.9198 -6.4355
6.5250 -3.7215
4.4091 -6.6314
5.5793 -4.4808
6.7249 -7.5086
5.1037 -5.8064
4.7165 -4.4403
6.4912 -4.6805
2.9123 -5.8913
4.4248 -2.1133
6.6950 -3.9736
5.5144 -5.1429
3.7766 -5.9161
3.4187 -3.9190
6.5703 -6.9695
5.6662 -4.4372
6.6910 -4.5479
5.1604 -4.7246
6.9533 -5.0643
2.3113 -5.4444
2.9458 -4.9490
3.4069 -4.8653
5.4718 -5.7611
5.8663 -5.1377
6.1137 -4.9262
3.1651 -6.3513
6.8140 -3.8894
3.5439 -5.3551
5.8574 -5.3955
5.4427 -6.2884
5.2572 -3.2898
7.5617 -3.9931
7.5687 -7.3377
4.7358 -5.4873
3.2221 -7.2369
5.7671 -5.3578
3.2711 -5.2173
5.5387 -5.0298
6.8796 -5.3744
4.9006 -7.7188
6.1071 -4.2398
4.5411 -3.6927
5.7625 -6.0428
6.0711 -2.9118
2.9311 -5.3845
7.1971 -6.5135
7.6356 -4.1874
3.1170 -4.0779
3.8831 -4.3513
6.5251 -4.7049
6.7684 -3.7982
6.2742 -2.6898
6.7816 -3.3795
6.4280 -3.6431
4.2662 -4.5082
3.8478 -5.6384
4.8695 -2.9848
6.7222 -3.4950
4.2146 -5.4078
5.8179 -5.7632
6.4002 -2.3280
5.4020 -5.0665
4.5658 -6.5905
5.0040 -4.4773
4.8172 -7.6359
8.7165 -7.2416
3.9931 -2.8795
5.3942 -6.1605
3.7292 -3.7944
7.2824 -3.1367
3.2552 -5.0430
5.9606 -3.3074
4.5837 -3.2474
6.5745 -3.6594
6.0613 -4.0199
4.8458 -6.3027
3.9797 -3.4113
5.1664 -3.1511
7.5952 -6.9708
3.1061 -6.0792
4.6247 -9.6433
